#20--Family_Group/20_Family_Group_Family_Group_20_316.jpg
2
610 215 142 215 0 0 0 0 0 0 
172 133 172 218 0 0 0 0 1 0 
#20--Family_Group/20_Family_Group_Family_Group_20_510.jpg
2
286 364 241 310 1 0 0 0 0 0 
630 1595 182 246 1 0 0 0 0 0 
#20--Family_Group/20_Family_Group_Family_Group_20_658.jpg
16
244 97 56 57 0 0 0 0 0 0 
96 70 59 60 0 0 0 0 0 0 
310 227 55 59 0 0 0 0 0 0 
890 39 50 59 0 0 0 0 0 0 
814 62 53 60 0 0 0 0 0 0 
687 89 47 52 0 0 0 0 0 0 
653 87 36 40 0 0 0 0 1 0 
584 74 44 51 0 0 0 0 0 0 
498 93 38 42 1 0 0 0 0 0 
579 327 58 71 0 0 0 0 0 0 
490 272 55 78 1 0 0 0 0 0 
436 324 50 51 0 0 0 0 0 0 
428 168 40 45 0 0 1 0 0 0 
417 94 40 48 0 0 0 0 0 0 
298 27 49 56 1 0 0 0 0 0 
336 68 35 47 1 0 0 0 1 0 
#20--Family_Group/20_Family_Group_Family_Group_20_846.jpg
11
780 354 41 48 0 0 0 0 0 0 
852 289 46 53 0 0 0 0 0 0 
590 55 42 47 0 0 0 0 0 0 
554 157 35 46 0 0 0 0 0 0 
446 94 40 45 0 0 0 0 0 0 
379 166 39 44 0 0 0 0 0 0 
265 256 37 49 0 0 0 0 0 0 
482 552 43 46 0 0 0 0 0 0 
395 402 40 47 0 0 0 0 0 0 
148 298 35 41 0 0 0 0 0 0 
717 628 38 38 0 0 0 0 0 0 
#20--Family_Group/20_Family_Group_Family_Group_20_660.jpg
57
909 217 19 21 2 0 0 0 0 0 
891 188 20 23 2 0 0 0 1 0 
819 177 20 20 2 0 0 0 0 0 
826 216 18 19 2 0 0 0 1 0 
813 240 18 18 2 0 0 0 0 0 
824 279 21 21 2 0 0 0 0 0 
764 191 20 23 2 0 0 0 0 0 
752 272 21 24 2 0 0 0 0 0 
694 220 19 22 2 0 0 0 0 0 
682 179 20 24 2 0 0 0 0 0 
685 265 19 21 2 0 0 0 0 0 
648 206 20 22 2 0 0 0 0 0 
624 198 17 21 2 0 0 0 0 0 
592 197 18 26 2 0 0 0 0 0 
562 190 18 22 2 0 0 0 0 0 
543 198 15 20 2 0 0 0 0 0 
516 197 21 23 2 0 0 0 0 0 
548 273 20 19 2 0 0 0 0 0 
610 261 21 22 2 0 0 0 0 0 
489 263 20 24 2 0 0 0 0 0 
957 361 24 31 2 0 0 0 0 0 
888 365 23 25 2 0 0 0 0 0 
801 354 24 28 2 0 0 0 0 0 
723 354 24 25 2 0 0 0 0 0 
652 361 23 26 2 0 0 0 0 0 
571 338 23 27 2 0 0 0 0 0 
504 330 24 30 2 0 0 0 0 0 
887 500 20 27 2 0 0 0 0 0 
819 499 20 21 2 0 0 0 0 0 
728 503 23 17 2 0 0 0 2 0 
747 220 18 22 2 0 0 0 0 0 
304 178 24 25 2 0 0 0 0 0 
283 193 13 18 2 0 0 0 1 0 
292 248 20 25 2 0 0 0 0 0 
417 330 25 29 2 0 0 0 0 0 
333 337 25 26 2 0 0 0 0 0 
266 335 24 26 2 0 0 0 0 0 
188 194 18 23 2 0 0 0 0 0 
230 189 16 19 2 0 0 0 0 0 
149 241 22 25 2 0 0 0 0 0 
220 247 20 24 2 0 0 0 1 0 
130 174 21 25 2 0 0 0 1 0 
67 178 19 21 2 0 0 0 0 0 
410 483 24 26 2 0 0 0 0 0 
332 476 23 29 2 0 0 0 0 0 
199 323 24 28 2 0 0 0 0 0 
126 347 24 29 2 0 0 0 1 0 
54 335 22 27 2 0 0 0 0 0 
688 481 23 23 2 0 0 0 0 0 
623 476 24 24 2 0 0 0 2 0 
583 510 21 19 2 0 0 0 2 0 
544 440 20 24 2 0 0 0 1 0 
493 487 21 26 2 0 0 0 0 0 
455 200 18 24 2 0 0 0 0 0 
404 176 20 22 2 0 0 0 0 0 
424 274 17 20 2 0 0 0 1 0 
351 252 23 31 2 0 0 0 1 0 
#20--Family_Group/20_Family_Group_Family_Group_20_433.jpg
4
159 242 59 72 1 0 0 0 0 0 
308 176 74 98 0 0 0 0 2 0 
663 117 74 98 0 0 0 0 2 0 
495 406 68 76 0 0 0 0 0 0 
#20--Family_Group/20_Family_Group_Family_Group_20_281.jpg
5
136 336 64 78 1 0 0 0 0 0 
278 184 60 96 1 0 0 0 0 0 
506 248 64 80 1 0 0 0 0 0 
646 226 56 80 0 0 0 0 0 0 
730 288 68 98 0 0 0 0 0 0 
#20--Family_Group/20_Family_Group_Family_Group_20_652.jpg
3
247 178 93 147 1 0 0 0 0 0 
610 278 134 131 1 0 0 0 0 0 
407 481 121 147 1 0 0 0 0 0 
#20--Family_Group/20_Family_Group_Family_Group_20_840.jpg
8
865 224 24 27 0 0 0 0 0 0 
751 208 19 23 0 0 1 0 0 1 
686 210 18 25 0 0 1 0 0 0 
595 205 15 27 0 0 1 0 0 0 
443 210 25 25 0 0 1 0 0 1 
303 236 30 34 0 1 0 0 0 0 
239 205 23 31 0 1 0 0 1 0 
109 204 22 26 1 0 0 0 2 0 
#20--Family_Group/20_Family_Group_Family_Group_20_710.jpg
2
471 260 133 75 0 0 0 0 0 1 
175 192 110 67 1 0 0 0 0 1 
